Latitude,Longitude
17.89,82.22
17.67,82.77
14.72,77.43
13.9,78.65
15.93,80.39
13.2,79
16.64,82.08
17,81.72
17.02,81.08
16.29,80.57
17.12,82.18
16.21,81.03
15.55,77.55
15.53,78.41
16.82,80.25
16.32,79.7
18.75,83.55
15.66,79.47
14.72,79.66
14.17,77.96
18.62,84.15
13.78,79.83
17.81,83.28
18.28,83.47
16.64,81.59
14.68,78.65
28.04,96.88
27.58,92.58
27.27,96.06
28.89,95.93
27.56,93.06
28.07,95.41
27.72,94.12
27.51,93.69
27.96,93.78
27.98,93.17
27.92,94.71
27.98,96.19
26.88,95.32
28.22,95.88
27.8,94.56
27.57,93.88
27.71,96.01
27.16,93.15
27.28,93.62
28.73,94.21
28.49,94.83
27.66,91.91
27.03,95.5
28.75,95.01
28.23,94.11
27.29,92.46
28.19,94.48
26.52,91.16
26.63,91.34
26.36,91.06
26.79,93.31
26.34,90.63
24.76,92.88
27.07,95.06
26.65,90.63
26.43,92
27.57,94.69
26.08,89.98
27.4,95
25.4,93.08
26.05,90.6
26.3,93.99
24.51,92.63
25.96,92.98
26.65,94.27
26.14,91.86
26.13,91.3
26.07,93.45
24.58,92.37
26.49,90.12
27.17,94.19
26.96,94.25
26.29,92.29
26.33,92.75
26.35,91.4
26.99,94.64
26.77,92.65
25.64,89.92
26.64,91.62
27.6,95.57
26.71,92.04
25.85,92.59
26.27,87.37
25.18,84.66
24.8,84.41
24.83,86.81
25.51,86.09
25.29,87.13
25.45,84.56
25.5,84.11
26.08,86.03
24.68,85.01
26.42,84.37
25.15,85.01
24.76,86.3
24.98,83.58
25.56,87.65
25.49,86.7
26.3,87.95
25.16,86.18
25.78,86.94
26.35,86.23
25.22,86.52
26.15,85.34
25.21,85.45
24.82,85.52
27.05,84.33
25.47,85.2
26.64,84.9
25.78,87.41
24.94,84.02
25.83,86.61
25.77,85.87
25.91,84.78
25.13,85.82
26.49,85.27
26.57,85.6
26.13,84.39
26.28,86.8
25.75,85.4
20.73,81.14
21.57,82.3
23.63,83.48
19.12,81.82
21.68,81.44
18.77,80.74
22.16,82.14
18.81,81.43
20.54,81.72
21.2,81.4
20.43,82.25
22.83,81.96
21.99,82.55
22.77,83.97
22.12,81.25
21.53,80.95
19.71,81.76
22.52,82.64
23.39,82.49
21.19,82.49
23.43,82.16
20.49,80.8
22.24,81.65
19.53,81.15
22.24,83.35
21.28,81.82
21.07,80.8
21.93,82.97
21.54,83.13
18.27,81.29
23.36,82.98
22.95,83.17
20.13,80.99
15.53,74.02
15.2,74.12
22.74,72.3
21.42,71.23
22.42,72.72
23.48,73.4
24.27,72.16
21.82,72.98
21.56,71.91
22.05,71.67
22.22,73.78
22.92,74.13
20.79,73.71
22.14,69.43
23.28,72.65
20.93,70.76
22.57,69.98
22.28,70.13
21.31,70.46
23.73,69.84
22.85,73
23.57,72.46
23.19,73.66
22.81,70.83
21.74,73.63
20.83,73.03
22.7,73.6
23.77,71.68
21.6,69.85
22.07,71.03
23.87,73.01
21.19,72.96
22.83,71.62
21.19,73.56
22.32,73.3
20.44,73.15
30.34,76.95
28.73,75.89
28.6,76.11
28.36,77.33
29.54,75.58
28.37,76.94
29.24,75.82
28.6,76.65
29.44,76.28
29.85,76.47
29.7,76.92
30.06,76.76
28.13,76.17
27.99,77.04
28.06,77.32
30.7,76.99
29.34,76.89
28.22,76.58
28.89,76.59
29.61,74.9
29.04,76.92
30.22,77.33
31.4,76.64
32.69,76.16
31.65,76.54
32.08,76.3
31.59,78.33
31.88,77.45
32.5,77.58
31.65,77.01
31.24,77.71
30.7,77.45
31.05,76.84
31.58,76.24
23.7,85.99
24.1,84.87
24.33,86.72
23.84,86.46
24.32,87.28
22.61,86.38
24.05,83.65
24.33,86.16
24.86,87.3
23.16,84.46
24.09,85.5
23.98,86.92
22.93,85.28
24.54,85.69
23.69,84.5
23.48,84.7
24.53,87.6
24.22,84.18
23.69,85.52
23.3,85.38
25.03,87.69
22.82,85.92
22.59,84.55
22.43,85.53
16.29,75.58
15.35,76.81
16.16,74.89
13.18,77.34
12.95,77.55
18.02,77.25
11.95,77.11
13.59,77.78
13.4,75.64
14.31,76.53
12.82,75.23
14.26,75.83
15.37,75.13
15.42,75.68
13.03,76.17
14.72,75.39
17.24,76.77
12.38,75.66
13.18,78.27
15.57,76.31
12.64,76.73
12.2,76.63
16.05,76.9
12.72,77.32
14.06,75.25
13.42,76.88
13.53,74.87
14.72,74.64
14.94,76.05
16.81,75.89
16.57,76.93
9.5,76.41
10.05,76.5
9.82,77
11.99,75.55
12.42,75.19
8.97,76.86
9.63,76.64
11.46,75.89
11.11,76.11
10.79,76.47
9.28,76.97
8.58,77.05
10.48,76.27
11.72,76.13
23.94,76.15
22.29,74.36
23.03,81.75
24.62,77.88
21.86,80.32
21.75,74.89
21.88,77.88
26.35,78.69
23.48,77.39
21.33,76.37
24.76,79.68
22.21,78.8
23.8,79.54
25.86,78.63
22.81,76.29
22.58,75.23
22.91,80.89
24.5,77.26
26.03,78.16
22.24,77.11
22.71,75.81
23.22,79.98
22.89,74.72
23.72,80.26
21.98,76.57
21.95,75.75
24.21,81.01
22.69,80.58
24.26,75.39
24.72,81.94
26.38,77.86
22.6,77.93
22.93,79.09
24.63,75.18
25.31,78.67
21.69,78.66
24.45,80.15
23.27,78.17
23.87,76.77
23.5,74.95
24.75,81.38
23.81,78.76
24.7,80.78
23.11,77.07
22.27,79.72
23.65,81.43
23.42,76.61
25.75,76.92
25.37,77.83
24.21,81.7
24.24,82.38
24.86,79.05
23.29,75.63
23.64,80.94
23.85,77.84
19.16,74.86
20.76,77.19
21.15,77.64
18.99,75.9
21.12,79.79
20.56,76.41
20.1,79.5
20.02,75.15
18.17,76.12
21.13,74.49
19.76,80.16
21.15,80.27
19.62,77.19
20.84,75.53
19.92,75.87
16.46,74.09
18.35,76.75
18.97,72.83
19.12,72.89
21.15,79.01
19.09,77.48
21.51,74.54
20.23,74.1
19.76,73.09
19.29,76.6
18.65,73.92
18.49,73.14
17.28,73.47
17.17,74.59
17.64,74.3
16.14,73.65
17.85,75.28
19.36,73.37
20.83,78.61
20.29,77.24
20.06,78.36
24.5,93.8
24.17,93.99
24.28,93.67
24.85,94.01
24.77,93.86
24.71,93.11
24.38,93.88
24.83,94.39
24.95,94.11
24.67,93.51
24.37,93.25
25.39,94.15
25.07,93.55
24.38,94.27
24.61,94
25.32,94.48
25.62,90.64
25.25,92.48
25.4,91.83
25.63,91.62
25.84,90.7
25.87,91.86
25.35,90.58
25.45,90
25.31,91.32
25.61,90.21
25.44,92.18
25.58,91.12
23.88,92.9
23.47,93.33
22.97,93.01
23.46,93.16
24.18,92.71
22.37,92.73
22.95,92.63
23.76,92.45
22.29,93.01
23.8,93.03
23.33,92.92
25.76,93.78
25.91,93.74
25.82,94.84
25.72,94.1
26.58,94.81
26.47,94.51
26.66,95
25.9,93.98
26.1,95.01
25.46,93.6
25.65,94.38
26.07,94.79
25.94,94.16
26.3,94.78
26.26,94.21
26,94.5
21.1,84.95
20.61,83.17
21.52,86.88
21.23,83.57
20.98,86.6
20.64,84
20.37,85.47
21.45,84.72
20.84,85.6
19.2,84.19
19.61,84.71
20.18,86.34
20.88,86.12
21.8,84.02
19.83,83.04
20.13,84.08
20.55,86.54
21.59,85.67
20.05,85.5
18.72,82.61
18.28,81.95
21.92,86.4
19.61,82.3
20.24,85.05
20.54,82.53
19.84,85.69
19.44,83.59
21.56,84.15
20.85,83.85
22.06,83.94
31.77,74.83
30.37,75.5
30.18,75.05
30.6,74.8
30.66,76.38
30.32,74.12
30.88,74.65
31.9,75.23
31.61,75.85
31.29,75.57
31.39,75.31
30.79,75.83
30.54,75.91
29.88,75.49
30.79,75.16
32.3,75.66
30.21,76.34
31.09,76.53
30.14,75.85
30.65,76.74
31.13,76.16
30.29,74.53
31.32,74.84
26.57,74.8
27.41,76.62
29.17,73.28
25.84,72.22
23.49,74.35
24.92,76.68
25.58,71.19
26.05,74.2
27.02,77.29
25.47,74.35
28.12,73.11
25.44,75.74
24.72,74.47
28.2,74.69
26.81,76.44
27.51,77.21
26.65,77.62
27.13,74.77
26.67,75.3
23.67,73.82
29.55,73.83
26.64,76.7
29.37,74.3
26.9,75.77
26.98,75.46
27.03,70.78
25.27,72.44
24.31,76.52
28.08,75.4
26.29,73.02
26.41,72.97
26.45,77.02
25.99,74.98
27.95,76.67
25.19,76
27.71,76.26
26.99,73.74
27.72,75.75
25.46,73.42
27.25,72.5
24.02,74.62
25.29,73.82
24.19,73.94
25.01,71.83
26.11,76.42
25.58,74.99
27.66,75.03
24.81,72.83
26.12,75.74
24.45,73.41
27.34,88.67
27.43,88.19
27.76,88.52
27.33,88.37
27.23,88.64
27.19,88.2
11.15,79.26
12.61,80
13.04,80.22
10.81,77.08
11.52,79.34
12.14,78.11
10.43,77.82
11.49,77.35
11.79,79.04
12.79,79.77
8.33,77.35
10.82,78.38
12.52,78.01
9.94,78.01
11.19,79.7
10.6,79.76
11.31,78.12
11.29,78.93
10.29,78.82
9.52,78.65
12.92,79.41
11.65,78.21
9.96,78.72
9.08,77.48
10.66,79.2
11.45,76.7
9.87,77.42
13.25,80.05
10.65,79.5
8.85,77.99
10.85,78.72
8.61,77.52
12.57,78.63
10.79,77.53
12.43,79
12.9,78.91
12.12,79.6
9.49,77.86
19.54,78.61
17.71,80.57
18.04,79.43
17.39,78.46
18.81,78.93
17.75,79.24
18.5,79.96
16.1,77.73
18.31,78.05
18.4,79.22
17.17,80.41
19.32,79.42
17.72,80.05
16.7,77.95
18.97,79.52
17.94,78.21
17.53,78.53
18.31,80.32
16.42,78.68
16.86,79.22
16.69,77.61
19.09,78.4
18.73,78.19
18.62,79.49
18.45,78.77
17.13,78.4
17.86,77.83
18.01,78.91
17.08,79.79
17.24,77.74
16.28,78.01
17.86,79.8
17.43,79.09
23.84,91.97
23.42,91.63
23.96,91.64
24.09,92.25
23.53,91.3
23.18,91.62
24.19,92.05
23.91,91.39
27.08,77.89
27.88,78.14
26.4,82.61
26.35,81.63
28.76,78.28
26.66,79.52
26.64,82.06
26.02,83.04
29.04,77.31
27.73,81.48
25.87,84.12
27.45,82.4
25.44,80.56
26.94,81.39
28.46,79.4
26.84,82.54
25.36,82.5
29.41,78.48
28.06,79.04
28.39,77.97
25.13,83.25
25.22,81.09
26.42,83.76
27.56,78.6
26.72,79.09
27.44,79.49
25.83,80.92
27.19,78.46
28.37,77.56
28.77,77.46
25.6,83.51
27.11,81.92
26.67,83.36
25.82,79.87
28.72,77.89
27.34,80.1
27.57,78.11
26.1,79.39
25.8,82.49
25.53,78.65
27,79.69
26.46,79.85
26.44,80.26
27.79,78.82
25.53,81.45
28.18,80.71
26.92,83.83
24.7,78.52
26.83,80.92
25.36,79.71
27.18,83.49
27.21,79.06
27.6,77.59
26.04,83.5
29.01,77.77
24.93,82.63
28.88,78.78
29.45,77.74
28.49,80.11
25.88,81.83
25.28,81.9
26.21,81.22
28.79,79.18
29.99,77.51
28.43,78.56
26.76,83.04
27.91,79.75
29.48,77.29
27.68,81.89
27.25,82.87
27.5,80.83
24.42,83.06
26.26,82.24
26.57,80.62
25.37,82.94
29.7,79.43
30.01,79.93
30.5,79.62
29.23,80.1
30.5,77.86
29.91,78.01
29.29,79.42
29.85,78.71
30.12,80.48
30.49,79.04
30.47,78.48
29.05,79.43
30.97,78.63
26.63,89.45
23.13,87.21
24.06,87.7
26.26,89.42
25.39,88.51
26.84,88.31
22.49,88.03
22.91,88.01
26.63,88.73
22.33,86.99
27.03,88.65
22.53,88.36
25.1,88.12
24.29,88.37
23.49,88.56
22.69,88.66
23.64,87.16
22.36,87.41
23.39,87.91
22.07,87.82
22.01,88.11
23.2,86.32
22.07,88.62
25.87,87.96
25.26,87.75
24.42,72.97
24.4,72.95
24.37,72.97
24.04,73.4
24.05,73.4
24.08,73.2
24.1,73.34
24.11,73.33
24.19,73.07
24.2,73.07
24.22,73.08
24.21,73.08
24.23,73.1
24.26,73.11
23.81,73.36
24.47,73.1
25.04,75.17
25.34,76.74
24.13,75.75
22.53,74.12
22.34,74.2
23.22,74.72
24.04,74.98
24.06,74.94
24.09,82.7
21.02,73.83
21.07,73.78
,
7,93.82
13.23,92.95
10.71,92.49
30.73,76.78
20.2,73.01
20.42,72.84
20.72,70.93
28.7,77.22
28.62,77.31
28.64,77.27
28.56,77.12
28.78,77.1
28.73,77.26
28.74,77.01
28.68,77.3
28.49,77.2
28.54,77.27
28.59,76.98
28.65,77.09
33.81,75.28
33.91,74.62
34.54,74.95
34.17,74.31
33.14,75.6
34.25,74.96
32.77,74.92
32.58,75.61
33.62,75.88
33.65,74.65
34.52,74.22
33.23,73.82
34.54,73.68
33.95,75.04
33.77,74.01
33.27,74.35
33.3,75.17
33.21,74.86
32.58,75.12
33.72,74.78
34.12,74.79
32.91,75.33
33.81,76.44
34.71,78.25
10.81,73.68
10.92,79.81
11.7,75.54
11.92,79.79
16.73,82.21